&M

374,10. 375, 5. 379, 22. 381, 11. 382,
20. 26. 397,16. 450,10. 776,16.
Neruicns 313,19.

Nicomedes 751, 5.

Nicopolis 644, 2. 5. 20.

Niger. Vz'cl. Caecilius.

Nilus 626,19. 22. 630,19. 638, 21.
639,12. 20. 23. 610, 21. 27.

Nitiobriges409,27.423,11.432,19.

Noreia 258,21.

Noricus 258, 21.289, 11. 503, 2.

Nouiodunum Suessionum 299, 3.

Nouiodunum [liutrigum 412, 19.
413,16. 436, ‘21.437, 11.

Numidia 65l,9.676,6. 684,19. 778,
25. Numidae 296, 4. 297, 19. 305,
4. 550,25. 55l,3. 559, 5. 21. 560, 22.
668, 4. 670,28. 671, 14. 21. 672,23.
674,1. 9. 682,1. 683,25.685‚11.26.
686,8.687,11.18. 690,9.692,19.696‚
6. 11. 14. 697, 15. 698, 2. 700, 26. 702,
7.21.25.705,7.707,6.

Nymphaeum 577,17.

Obuculnm 654, 7.

Oceanus 256, 4. 9. 310, 5. 314,24.
315, 21. 316,16.318,21. 332, 23. 333,
1. 4.8. 398,17. 399,16. 344, 8. 408,19.
450,13.479,10. 487,11. 513,18. 781,
24.

Ocelum 261, 15.

M. Octauius 565,17. 567, 4. 14. 23.
26. 28. 616. 24. 647, 21. 27. 648, 3.10
—19.649, 2. 12. 14. 21--28. 688, 4.
Octauianus 567, 20. 646,26. 648,28.
29. 649, 4.13. 22.

Octodurus 311,12.

Oclti„·esa 524, 3. 526, 29. 528, 5.

Oedipus 765, 18. 783, 25.

Ollouieo 423,11.

M. Opimius 584, 5.

C. Oppius 766,18. 773, 31. 33. 774,
5. 21. 788. 4.

Oppius 701,‘.‘4.

Orchomenus 592,18.

Orcynia silua 395,1.

Orgetorix 256, ll. 257,5. 11. 258,
2. 4. 9. 260, 21.3?70,10.

0110616566,5.·23-569,7. 1123570,

23. 27. 571, 251. 575, 24. 581,10. 584,
9. 17. 604, 20. 25. 29- 61 1, 22.

Oscenses 523. 6. 7.

Osisnii 310, 4. 316,19.450,15.

Ostia 788,2.

Otacilius Crassus 578, 6. 12. 20. 26.

Ouidius 755,22.

INDEX

Paciaecus. Vz'd. lunius.

Pacidius706‚25.707,13.Pacidiiduo
670,27.

Padus 361,16.

Paemani 294,4.

Palaepharsalus 650,2.

C. Pansa 772,21· 786,18. 788,19.

Parada 711,21.

Paraetonium 628,2.

Parisii 383, 5. 408, 18,425, 2. 438,
16. 450, 9.

Parthi 580, 2. 607, 19. 775, 2.
Parthicus 492‚3. 20. 498,29. 580, 5.
775, 32.

Parthini 569, 8. 585,12. 586, 10. 14.

QPatisius 643,7.

L. Paulus 489,13.

Q. Pedius 291, 11. 298,18. 575, 16.
718, 20. 723, 27. 775, 9.

Peligni 501,26. 553, Ι.

Pelignus. Vsd. Attius, Fabius.

Pelusium 618, 18. 621, 3. 638, 8.11.

Pergamum 580, 8. 619, 26. 664,14.
Pergamenus 638, 3. 664, 11.

Pericles 763,19.

Petra 585,31.

Petraeus 581, 28.

M. ren-eius 513, 9.13-22. 514,18.
515,25. 516, 2. 520.19. 523,23. 5⁶24,
22. 525,19. 526, 7.13.529, 2. 14. 23.
530,9.18. 536,10. 545,26. 546,4.672‚
23. 67-1, 15. 27. 677,1. 714, 7.27. 715,
26.27. 716,2ἰ. Petreianus674‚10.

Petrocorii 450, 9.

L. Petrosidius 368,2l.

Pharnaces 642, 21. 27. 643, 9.30.
644 , 7. 18. 21. 26. 645,1. 29. 616,3.
658, 27. 666, 25 — 661, 19. 662, 6.19.
24. 26. 663 , 3. 26. 28. 664,16. 717, 1
ins. 778, 8. 780, 27.

† Pharsalia 566, 3.

Pharsalicus 646, 24. 780, 25.

Pharus insum 631, 7. 634, 7. turris
623, 9. 17. ²20.ss38, 10. Pharitae
633,20. 634,8.

Philippus 496,22.†25.

Philippus 758, 8. 14.

Philo 733,10.

Phoenice564,6. Phoenices616,18.

Picenum500,7. 501,19. Picenus
501,7.13.18.

Pictones317‚ ’18.408,18.450,8.476,

Pirustae 349, 9. 12.

Pisaurum 499, 25. 28.

L. Piso legatus L. Cassii 263, 1.

L. Piso (runs. α. 58) 259, 9. 263, 1,
495,4.775,17.

