INDEX

M. Piso 256,12.276,15.

Cn. Piso 666,9. 672,23.

Piso Aquitanas 334,1ο.

Placentia 600, 21. 767, 21.

C. Plaetorius 643, 6.

Plaetorius Rus-uanus 716, 1⁴.).

Plancus. Vt'd. Munatius.

Plautus 765, 24.

Pleumoxii 369,11.

Plinius Secundus 756, 7. 18. 20. 25.

Plotia rogatio 750,9. 11.

M. Plotius 574,3.

Pollio. Vid. Asinius.

Pompeius 754. 9.11.

Cn. Pompeius 328,1.382,1. 8. 409,
19. 491,18.22.26. 492,4.5.9.,20.493,
10.494,4—-30.405‚15.17.490‚13.·20.
497,’10.16. 498, 6 -18.499, 2.9. 13.
15. 500,19.24.27. 501,17. 502,9. 503,
6. 7. 15. 505, 16.21. 506,6.9. 16. 507,
6-30, 508, 14-20. 509, 2. 4. 20. 510,
16. 28.29. 511,15. 20. 512, 9. 513, 8.
10. 514,3. 520,23.523‚16.29.530, 19.
534 , 11. 538 ‚ 4. 545, 20. 546, 22. 30.
· 550, 27. 554, 16. 563, 9. 564, 3. 565, 5.
567, 29. 568,1. 4. 5. 25. 28. 569,2. 8.
24. 570, 5. 14. 571, 30. 572, 3. 4. 10.
18. 573,'1. 3. 9. 575 ,13. 576 , 4. 28.
578, 26. 579, 3--24. 581, 5. 585, 11—
588, 2. 589, 23. 591, 9.13. 592, 6.17.
593,1.2.3.14. 27.-59’1, 8. 595,8-25.
596,17. 597, 26. 29. 598, 7.18. 24.25.
599, 14. 600, 2. 10. 16. 25. 603, 7. 22.
31. 604, 6. 14. 16. 26. 605, 5 -22, 606,
6. 8.12.607,2-61Ο. 611,11. 612, 6.
14. 29. 613, 1. 5. 21. 614, 13. 21. 615,
3.617,16-·619,8.620,4. 14.621, 13.
622, 29. 626, 6. 7. 646, 28. 647, 4. 650,
1. 651,10.653,11. 654,23.25. 655,1.
8. 1l. 660, 2. 29. 661, 4. 699, 23. ms,
5.] 767, 10. 768, 18. 770, 5. 773, 9. 29.
30. 774, 9.17-25.775,10.776,7.778,
15.26. 29. 780, 111782, 6. 9.19.
Pompeia lex 563,8.

Cn. Pompeius filius 565,1.14. 584,
16. 675,25. 676, 21. 24. 717 ,2 inf. 4
inf.718,10—18. 719, 3. 5. 11. 720,3.
19. 21. 721,8. 11. 15. 19. 722,2. 10.23.
26. 723, 12. 18. 20. 724, 1. 12. 16. 25.
725,4. 726, 5.11.24. 727,2. 12. 15. 19.
728,2.12.18.23. 729,7.12. 73l,6.
732, 22. 25. 733, 13-25, 73 1, 8. 737,
2-12. 738.23.739, 15. 18. 25. 740,1.
7. 15. ,20.23. 742, 3. 743, 1. 786, 24.

Sex. Pompeius 719,1. 720,11. 736,
24.738,2. 786,23.

Pompeia 716,11.

Pompeianus501,21.508,13.514‚12.

545,19. 581,28. 586, 6. 587, 8. 588,10.
18. 589,18. 590,21. 591,3.20. 593,24.
596,20.597,18.22.598,3.27. 599,19.
601‚8.608‚16.23.6l2‚21.26.613,10.
14. 20. 29. 61 ἰ , 32. 615 , 4. 6.10. 28.
617,13. 620, 21. 628, 21. 655, 9. 674,
3.676,23.724,17.725,12.726,1.738,
1.15.16. 739, 17.

Cu. Pompeius inter-pres 368, 4.

Pompeius Rufus 710, 25.

Q. Pompeius Niger 732, 2.

Μ. Pomponius 616, 20. 22.
ponianus 616,25.

Pontus 564, 519643, 7- 24. 646, 5.
9. 658,26.27. 659,23. 660,18. 661,
10.14. 28. 664, 4. 8. Ponticus 631,
3. 9. 645,13. 21. 30. 646, 7.

Postumiana castra 722, 25.

Postumus. Vi‘d. Fuluius, Rabirius.

Pothinus 021,1.624,9.

Praeconinus. Vz'd. Valerius.

Probus 766,27.

Probus 756, Ι.3.

Procillus. VM. Valerius.

Piianit 320, 20.

Ptolemaeus paler 564,26. 618, 30.
620, 26. 621,7.10.25. 622,18.624,4.
626, ’12.642, 1.

Ptolemaeus filius maior 618, 19.
620,27.

Ptolemais 619,25.

Pulcher. Vz'd. Clodius.

T. Pulio 372, 8. 11. 17.373, 2. 6. 10.
599, 1.

L. Pupius 500, 18. 20.

Puteoli 600,·21.

Pyrenaeus saltus 573,15.Pyrenaei
montes 256, 8 3 saltus 513, 3.

Pom-

Quadratus. Vicl. Volusenus.
Sex. Quintilius Varus 505, 7. 552,

7.11.

ρ,Ιί115101113 Postumus 668, 25. 678, 13.
Ιὲἶῖᾞωιῑω 051 ,25.20. 052, 0. 30.
3'izaueiuus 594‚10.605, 18.
Rauenna 496,10.
1)Βιιιιῐ·.ι(;ἰ258,18.272,7.395,12.450,
¹*11ebilus. Vid. Caninius.
Redones 310, 5.450, 14.
Reges. Vid. Marcii.
Reginus. Vz'd. Antistius, Minucius.
Regulus. Vz'd. Liuineius.
1181111292, 1. 293, 5. 294, 6. 295,1.
2. 5.10. 296, 5. 8. 297, ’16. 299, 2.-12.

805

