INDEX

Ephesus 581, 2. 619, 15.
sius 581, 9. 619, 18.

Epidaurus 648,14.

Ep pirus564‚16. 569, 23. 570, 3. 586,
7. 589, 14.595, 19. 604, 25. 606, 1.

Ep oredorix427, 18. 428, 11. 18. 429,
6. 436,8. 437, 5. 442, 20.443, 4. 451,

Eporedorix, dua: Haeduorum bello
sequanico 445, 13.

Μ. Eppius 713,16.

Eratosthenes 394, 26.

Esuuii 310, 4. 315, 1. 361,12.

Euctemon 758, 9. 26. 762, 10. 12.

Eudoxus 758, 3.10.759, 25.762, 11.
12.

Euphranor 631,23. 637,19.23. 25.

Ephe-

Q. Fabius Maximus 284, 23.

Q. Fabius Maximus 718,20. 723,26.
741 18.

c'. Fabius 361 ‚ 11. 374‚7.17.377,
28. 384, 9. 428 , 28. 429, 15. 458 , 8.
459, 27. 464,17. 475 , 6. 476, 17. 20.
477, 3.13. 479,1. 7.11. 481, 26. 492,
14. [493 , 1 2·11f.]513, 1. 6. 514, 8. 27.
518,18.776,18. Fabianus 514,
15. 21.

L. Fabius 433,13. 434,16.

Fabius Pelignus 557, 3. 10. 19.

Fanum 499‚25.

M. Fauonius 582,'10. 18. 21. 25.
593, 22.

Faustus. Vz'd. Sulla.

Flaccus. th. Munatius,

Flauius 773, 8.

C. Flauius 732,19.

C. Fleginas 600,20.

A. Fonteius 693,23.

Frentani 505,19.

Valerius.

Q. Fufius Calenus 482, 23. 536,16.
566, 14. 570, 16. 21. 577,6. 592,15.
18. 21. 620, 7. 648,1. 776, 36.

C. Fufius Cita 407,19.

Q. Fulginius 517,3l.

Fuluius Postumus 596, 6.

C. Fundanius 723, 23.

Furnius 770, 31. 771, 5.

Gabali 409 27. 44 3, 5. 450, 5.

A. Gabinius259, 9. 564, 26. 618, 29.
626, 5. 646,31. 647,5.778,17. Ga-
binianus 564,25. 622,4.

Gades 546, 7.10.24.547,13.16. 21.
22. 548,15. 739, 20.740,22. 741,17.
742, 7. Gaditani 546, 5. 547 , 17.
548, 8. 19.

Gaetuli 677, 22. 682,1. [5.]683,17.

22. 684, 6. 687, 19. 694, 5. 12. 19. 697,
16. 20. 698, 3. 13. 701, 3. 715, 12. 15.
781,13.]

ἱ Galba, rear.- Suessionum 293,15.

Ser. Galba 311 , 1. 8. 312,17. 313,
21. 314,12. 49Ο,16.

Gallia 499,11. 503,1. 508, 31. 509,
3. 518, 26. 519,21. 537, 5. 564,1. 586,
7. 686,18. 769, 27. 775, 33. Galliae
339, 7. Galli 269, 5. 281, 26. 28.
321,23.375,7.13. 376,24.385‚5.467,
13. 519,3l. 559, 30. 564,25. 575,19.
633,9. 667‚26. 674,4.9.20. 680,5.
683,5.686,9.17.736,21.769,10.773,
11. Gallicus 519, 22. 579,2.

Gallia Tranealpina 406, 42'71f. 409,
20. 496,25.

Gallia omnis a Caesare pacata 255,
1.256,15. 257, 21. 24. 265, 4. 25.·27.
267,20.26.272,11.15.l7.18.20.273,
6.12.18.29. 32. 274,15. 275,14.17.
28. 276, 1. 9. 277‚8. 282,20. 283, 9.
12.21. 22, 24. 284, 1. 9. 21. 285, 1. 2.
12. 289, 12.290, 4 ins. 291, 11,293, 1.
13. 321 ,10. 322, 28. 327,1. 331,161
332,8.10. 336, 5.12.14. 338, 22. 24.
344,18. 350, 7. 351, 20. 22. 23. 352, 6.
9. 11. 12. 14. 353, 9. 355, 25. 356, 1. 2.
4. 8. 359, 13. 360, 17 361, 8. 26. 363,
1-4. 364, ⁷25. 365, 4. 370, 13. 378, 2. 4.
18. 21. 379, 17. '18. 380, 6. 381, 12. 1
÷²÷f2³538⁵.‚.³3.³.2 §.2323324121235
15. 398, 23405, 21. 40921²''².f·102'⁷²f·
12 inf. 407‚2. 22. 408, 6. 411, 14. 414,
16.417, 1.420, 6. 422, 15. 423, 9424,
24. 427,2. 4. 430, 2l.437,2. 439,12.
21. 442, 9. 444,2. 8. 447,19. 451, 4.
452,13.19. 453, 8. 461,1. 25. 473, 29.
475,7.478,15.21.479, 9.13.482,18.
486, 21. 487,1. 9.12.16. 489,14.21.
490,1.21. 492,15. 497,27. 513,27.
594, 15. 605, 20. 610,3. 704,10. 767,
18. Galli265,25.267, 13.273,11.
274, 2. 8. 275, 3.278, 7. 280,1. 2. 283,
8.11.12. 299,10. 301,1. 305,1.308,
12. 311,15. 312,4.7. 315,11. 317, 4.
319,19. 322,1.23.327,4. 329,10.330,
26.334,21.335,29.339,4.352,1.361,
7. 363, 11.17.374, 1. 375,19. 21. 376,
11.378.9.11.19.379,25.385,13.390,
27. 392,1. 18. 394,23. 395, 5. 398, 6.
400, 22. 406, 6. 413,1. 6. 414,15.415,
22. 416, 9. 417,16.418,11.420,8.16.
421 , 1. 422,14. 20. 28. 429,10. 431,
23. 432,14. 435, 3. 439,12. 446, 7. 24.
448,15. 449,20. 454,17.21. 455, 6.

799

