7434

Alpes 261, 12. 311‚4. 5. 312,15.
314, '20403312 2. 752, 15. 752, 18. 782,
2‘ 14135535 783, 2. 788, 1.

Amantia 585, 5. Amantini 569,

22innantius 778, 33.
Amanus 579, 29.
Ambarri (Haedui) 281, 25. 264, 2.

Ambiani 294, 1. 300, 9. 450, 9. 465,
Ambibarii 450, 15.
Ambilat‘eti 460, 3.
Ambiliati 3l6,20.
Ambiorix 361, 18. 362,14-—369, 1.
370 ,12.15. 382,18. 383, 21.24. 28.
384,14. 386 ,10. 397,14.23. 398,11.

2022. 399,3.2l. 405,1.2. 11. 475,
15.18. 21.

Ambiuariti 332,18.
Ambluareti 450, 3.
Ambracia 582,17.
Amphilochi 592,12.
Amphipolis 617, 21. 27.
Τ. Ampius 619,14.
Anartes 395,13.

Anas 513,11.12.
Ancalites 359, 22.
Ancona 499, 25.
Ancus Marcius 750, 20.

Andes 310, 13. 314, 24. 408,19(An-
dos). 476,10.

Andocumborius 292, 2.

Androsthenes 606, 5.

Annius Scapula 652, 30. 737,17.

Anticatones 752, 14. 762, 16. 784,
8; Anticato 763,12. 764, 63 Anticato
prior 764, 3.

Antiochia 618 , 6. 619 , 23.
tiochenses 618, 3.

Antiochus Commagenus 565,4.

C. Antistius Reginus 381,2 ins. 456,
12. 460, 2.

Antistius Turpio 731, 28. 732, 4.

Μ. Antonius 455, 18. 462, 6. 475, 5.
482 ,1. 487. 7. 20. 488, 5. 6. 489, 6. 9.
490, 4. 8.12. 494, 20. 499. 23. 502, 22.
25. 26. 27. 576, 6. 19. 577, 6. 578, 25.
27. 579,12. 18. 21. 581 , 10. 585,6.
588,15. 597, 20. 611, 9. 777,11.
Antonianus 576,15.

C. Antonius 599‚2.
564,17.

C. Antonius 727, 6.

Apollo 391, 16.18.

Apollonia 585, 11. 559, 4. 5. 15. 2ο.
25. 577,8. 579, 8. omas. 604, 12. 2ο.

An-

Antonianus

INDEX

24. 605, 4. Apolloniates 569,17.
570, 11. 577, 2. 777, 8.

Aponiana insula 665,19.

Apsus 570,11.15. 573,10. 579,14.

Apulia 500 ‚ 29. 502, 9. 505 , 20.
309. Aquila 698 ,17. 19. 699 , 6. 700,
Aquilaria 549, 22.

Aquileia 261, 11.
Μ. Aquinus 694 , 27. 28. 695 , 10.
713, 17.

Aquitania 256, 8. 317,13. 322,26.
323 , 15. 324 , 21. 326,16. 18. 423,13.
486, 22. 487, 4. Aquitani 255, 2.
4. 323, 22. 514, 2.

Arar 262, 8. 13. 263 , 3. 265 , 7. 8.
460, 6. 463, 11.

Arduenna silua 350, 15. 397 , 14.
398,16. 399, 20.

Arecomici. Ve‘cl. Volcae.

Arelate 512, 24. 538, 30.

Arguetius 723, 9.

Ariarathes 659,19. 21.

Aricia 754, 29.

Ariminum 498, 2. 499 ,12.16. 22.
23. 500, 1.

Ariobarzanes 564, 22. 642,20. 643,
5. 659,19.22.

Ariouistus 273 , 27. 274,1.11. 16.
26. 275. 276,19. 277,10-18. 278, 25.
279, 8. 280, 2. 281, 12. 14. 22282, 6.
9. 10. 283, 5. 284,22. 285, 4.12.15.
286, 2—16. 287, 9.17. 20. 22. 289, 8.
10. 336, 23. 364, 24. 379, 14. 388, 3.

M. Aristius 430, 5. 11.

Armenia minor 642, 19. 27. 643,10
—26. 644, 3. 659, 27.

’Armoricae ciuitates 378, 12. 450,
14. 479,10.

C. Arpineius 362, 24. 364, 2.

Arquitius. sid. Clodius.

Arretium 499, 23.

Arsino& 626,12.14. 642, 5.

Aruerni 273, 8. 9. 284, 22. 408, 3-—
409, 17. 26. 410, 5-20, 411, 7. 425, 3.
426, 23. 427, 25. 428, 2. 443, 5. 444, 2.
450, 5. 6. 452, 2. 459,19. 22. 25. 487,
12.

Asculum Picenum 501, 13. 502, 1.

Ascurum 676, 20.

Asia 495, 22. 564, 5. 7. 15. 565,10.
586 ,3. 591 ,22.619. 14. 620, 4. 21.
631, 3. 642, 18. 646, 3. 658,25. 664, 9.
13. 765,8. Asiaticus 565, ‘14. 566,
5. 585, 4. 620, 8.

Asinius Pollio 748,18. 21. 749,16.
752,11.

