INDEX

Asparagium 579,26. 585, 11. 603,
19. 23.

Aspauia 731, 7.

Asprenas 708, 8. 723, 12.

Assyria 760, 8. 18. 761, 10. 22.

Asta 739, 7. Astenses 732, 20.

Ategua 721, 7. 10. 20. 24. 722 , 22.
729,11.21. 730, 4.

Athamania 604,26.

Athenae 564, 5.

Q. Atius Varus 477,16.583,17.

Atrebates 294,1. 300,21 (Atreba-

tis). 304, 7. 339, 23. 374, 8. 450,11.
465,3. 487,20.

Q. Atrius 354, 3.19.

P. Atrius 701, 22. 713,16.

Attica 759,19. 23. 761, 7.

P. Attius Varus 500, 7. 9. ’14. 16.
509, 26. 549,19. 26. 550, 17.26. 551,
26. 28. 552, 4.6. 18. 553, 7. 556,8. 13.
19. 557, 3. 5. 9. 23. 558, 4. 561 ,24.
562, 5.8. 688, 4. 6. 699, 11.24. 699, 8.

24. 700, 2. 713, 22. 733.13.736,11.
Attianus 500,20. 556,27.
Attius Pelignus 502, 21—29.

Auaricum 413, ’11. 414,14.24.26.
415 , 26. 422 , 10. 23. 423, 5. {gualg-

433,11. 435, 15. 589,11.
censis 433,14.

Augustus. Via. C. Caesar.
C. Auienus 693, 8.17.

Aulerci 310, 5. 32733. 408,⁴18. 465,

2. Brannouices 450, 4. Cenomani 450,

10. Eburouices 321, 7. 450, 12.

L. Aurunculeius Cotta 298, 18. 340,
22. 348, 3. 361, 20.362,15-368,’19.

377,15. 399, 9. 402, 26.

Ausci 326, 21.

Ausetani 523, 8.

Auximum 500, 6. 9. 501, 7. 509, 26.
Auximates 500, 21.

Axona 295,1. 297,12.

Bacenis silua 387, 12.

Baculus. Vici. Sextius.

A. Baebius 732,19.
73gaetis 655,15. 27. 656, 4. 720, 15.

, a.

Baeturia 730, 5.

Bagrada 550,8. 551, 11. 559, 2.13.

Balbus. l'id. Cornelius.

Baleares funditores 296, 5. insulae
676, 26.

Τ. Baluentius 367, 24.

Basilus. Vid. Minucius.

Bataui 332,23.

Belgae 255, 2. 4. 5. 256, 4. 5. 290, 3
ins. 291 , 13. 18. 292,1. 4. 7.14. 293,

6. 294,14. 295,11.13. 299 ,23. 300,
3.6. 15. 301 , 1. 302, 4. 314,19.317,
10.11. 348, 6. 361, 14. 464,10. 482, 3.
492,16.

Belgium 355,17. 362, 8.487‚ 7.18.
489,17. 492,14.

Bellona 659, 13.

Bellouaci 293, 8. 294,12. 298, 8.
299,15.24.300,1.374, 4.439,14.20.
450, 8.16. 460, 2. 464, 9. 21 . 28. 465,
1.10.468,11.469,13.470,14.471,8.
13. 473,11. 22. 24. 28. 474, 8. 482, 2.

Berones 652,4.

Bessi 565, 6.

Bibracte Haeduorum 269,1. 4. 437,
6.13. 442,10. 460, 7. 462, 7. 463, 7.

Bibrax Remorum 295,10.

Bibroci 359,22.

Μ. Bibulus 565,17. 566, 6. 9. 17.
570,23. 27. 571, 12.24.26. 572,23.
580, 4. 622, 19.

Bigerriones 326, 20.

Bithynia 564, 5. 658, 26. 664, 9.
Bithynius 659,16. Bithyni 751,

Bituriges 266, 15. 409, 5-16,410,
20. 411,8. 412,16.19. 413,11.13.
414,10. 16. 418 , 7. 422,11. 450 , 7.
460, 3. 462, 9. 11.21. 28. 463,'8. 468,
5. 776, 24.

Blandeno 767,22.

Blesamius 779‚25.

Bocchus 677,18.

Boduognatus 304,17.

Boeotia 564,16.759,19.

Bogud 655,16. 656, 28. 657, 2. 676,
17.

Boii 258, 20. 270, 3. 271,26. 272, 7.
411, 9.19. 22. 415, 7.11. 450,12.
[Boia 4⁴13,24.]

Bosporus 664,15.

Brannouices. Vm. Aulerci.

Brannouii 450‚4.

Bratuspantium 299,16.

Britannia 293 ,14. 299, 30. 315, 4.
316, 21. 338,25. 339,16. 340,13. 341,
6. 343, 15. 27. 29. 344, 20.27. 347, 13.
24. 348, 7. 350,1. 352,13.353,14. 20.
355, 15. 356, 7. 8. 360, 19. 390, 2. 451,
2. 520, 29. 768, 2.769, 5.17. ’19.
Britanni 339, 19. 355, 9.14. 356, 22.
35926. Britannicus 351,4. 768,
31. 769, 7.

Brundisium 505, 22. 506, 8. 1216.
17. 507, 30. 509, 6. 563,18. 25. 565,
19. 566,13. 570,16. 575, 25. 576, 6.
10. 21. 22. 577 ,1. 610 , 9. 616, 6. 9.
647, 24. 648, 8. 649, 32. 674, 3. 771, 7.

795

