793

INDEX N OMIN VM QVAE IN COMMENTARIIS
ET FRAGMEN TIS LEGVNTVR.

 

Acarnania 592, 12. 594, 3.

Acco 383, 9. 405, 23. 406, 11 ins.

Achaia 564 , 8. 16. 592,14.16.18.
593, 7. 620, 7. 648, 1. 777, 25.
Achaicus 565,16.

Achillas 619 , 6. 11. 621, 4. 20. 23.
26.622, 1. 21. 624, 5.10.626,11. 15.

Achilles 732.2.

Μ’. Acilius 571, 13. 23. 584, 11. 19.

Acilla 682,8. 15. 18.19. 687,18.
24. 700, 29. Acillitani 682, 24.

Acutius Rufus 607, 29.

Adbucillus 594, 10.

Adiatunnus 324, 4.11.

Adrumetum 550, l. 3. 666, 7. 9. 675,
19. 676 , 28. 682, 16. 22. 687, 26. 698,
14.17. 25. 699, 9. 15. 17. 700,30. 713,
9.11. Adrumetini 716‚25.

Aduatuca 399, 8. 401, 20. 24.

Aduatuci 294, 3. 300,23. 307 , 13.
308, 21. 363 ,4. 6. 369 , 1.4. 17. 379,
22. 382, 20. 399,18.

Aegimurus 688, 4.

Aeginium 605,24.

Aegyptus 564, 6. 565 ‚ 10. 619 , 3.
620, 5. 625, 12. 626, 5. 638,8. 10. 641,
33. 642, 17. 31. 658,13. 664,12. 759,
22. 760, 23. 761, 7. 19. 772, ’18. 778, 6.
Aegyptii 758, 8. 11. Aegyptius 565,
14. 584 , 17. 622, 20. 623,14. 627,27.
631,3.757,22.

L. Aemilius 269, 4.

Aetolia 581, 13. 17.25. 592, 12. 595,
19. Aetoli 581,24.

L. Afranius 513. 514‚18.19. 515.
516, 2. 9. 518,29.519,7.19.30.520,
18. 22. 523 ,17. 23. 524 , 22. 525 , 18.
526,13. 527,22.29. 528,21.529,3.
14. 23. 530,1. 7. 24. 534 ,8. 10. 536,
10. 545,27. 546, 1.4. 14.607,28. 610,
24. 701,26. 716,4.8.10.
nus 516,11. 518,2. 5. 520, 26. 527, 7.
24. 528,15. 531 , 4. 533 ,20. 722, 6.
Vid. Ligarius.

Afrania-

Africa 509. 549,18. 552, 8. 554,18.
558, 11. 628, 23. 631, 19. 20. 639, ’14.
649 , 29. 651, 8. 653,22. 666 , 4.23.
669,6.25. ‹373‚24.25.674‚ 13.f›75‚ 4.
6.9. 10. 676 ‚ 6. 677, 9. 678, 5.15.17.
683 , 7. 689 , 24- 693 , 22. 694, 2. 699,
24. 700 , 4. 706,11.7‘17,1i71f. 722,6.
15. 778 ‚ 25. 779, 4. 9.11. 781, 9. 786,
18. Afri 684, 9. Africus 353,
12.555,22.577,18.21. Africanus
461,17.568,13.

Agedicum 406 , 1. 411 ,21. 438,14.
439, 19. 44l,23.

Aggar 701, 3. 706,1. 707, 20.

Ahenobarbus. Vz'd. L. Domitius.

Albae duae 754, 29.

Alba ad laeum Fucinum 501 , 26.
505,25. 774, 3.

Albani 754, 30.

Albici 511 ,23. 521 ,21. 522, 5.23.
537, 23. 539, 24.

Alesia 445,16.21.25.449,20. 451,
13.18.,454, 2. 7. 455, 5. 457,1. 469,
14. 480, 4. 589,10.

Alexandria 461, 3. 564, 25. 618, 23.
29. 619,3. 620,9.13.23. 621,4.14.
18. 622,10.18.22. 623,1.11. 624, 9
ins. 626,19. 628,23. 630,3.22. 631,
19. 632,11.633,23. 638,16.20. 641,
20.33. 644,30. 650, 2. 660, 20. 777,
19. 778, 12. 780, 27. 782, 28.
Alexandrinus 461,17. 622, 4. 16. 624,
13.12·71s. 625‚10. 626,26. 627,15.
20. 628, 9. 19. 630, 4. 631,13. 632, 5.
634, 9. 19. 31. 635,2.14. 27. 636,1. 6.
637, 9. 28. 638, 5. 639, [1.] 30. 640, 8.
18. 19. 25. 641, 2. 8. 14. 643, 1. 644,
27. 778, 9. Alexandreus 782, 27.

Aliacmon 582, 10. 27.

Alienus 665, 21. 678, 13. 683, 4.
687,27. 779,7.

Allobroges 259,1. 3. 4. 261,17. 262,
3. 264, 2.10. 271, 20. 25. 284, 6. 311,
3. 314,16. 443, 4.8.16. 594,9. 596,
18. 605,18. 608, 26.

Albenses 755,1.

