SOEM)

16. 22. 456, 7. 457,13.19. 459, 7. 461,
29. 462 , 5. 463, 20. 466 ,14. 468, 22.
469,18.[470,17.]474, 24. 482 , 21.
704,11. Gallicus 268, 20. 273, 34.
317, 18. 320,1. 330, 4. 331, 2. 338, 25.
355, 21. 356, 20. 371,11. 379, 4. 385,
5.418,24. 433, 25.436,5.563,23. 594,
12.752, 21.

Gallia omnisa Caesare pacata prae-

ter· Aquitaniam 310, 8. 314, 18. 22.
317,14. 486, 22.

Gallia Celtarum 256, 6. 291 , 1. 3.
4.6.292,1. Galli255,3.4.10.256,
2. 26925. 291, 2.13.292‚ 15. 295,12.
464,10. Gallicus 286, 2.

Gallia ulterior et prouincia 255, 6.
256,2.258,26.259,10.12.13.14.19.
23. 260, 3. 11. 261,5. 6. 12. 16. 18264,
1.16.,267,10.271,25.275,18.19.276,
16. 283, 26. 289,18. 307, 22.312,16.
314,15. 323,7.4()9,22.28. 410,4. 438,
1. 443,2. ’19. 444,4. 7. 453,15. 487,
13.511‚14.514,2.

Gallia citerior 261, 15. 269,15. 290,
7.1z·nf.291‚10.341.›‚9.19.474,11.492‚
10. 610,10. 752, 16. Cisalpina 382, 3.
togata 475, ’11. 491, 3. 6. 762, 18. 784,

Galli ex Gallograecia 564,22.

Gallograecia 565, 3. 659, 24. 664, 8.
Gallograeci 664,18.

C. Gallonius 546, 8.11.547,18. 20.
Gallus. Vid. Trebius,Tuticanus.
Ganymedes 626,15. 17. 26. 630, 8.
636‚14.642,5.

Garumna 255, 4. 256, 3. 8.

Garumui 326,21.

Gates 326, 21.

Geidunui 369,11.

Genabum 407,18. 408, 2. 412, 1. 4.
7. 413, 15. 415, 22. 421,2Ο. 463,20.
464, 8. Genabenses 412, 9.

Genua 259, 3.12. 15.

Genusus 603,12.18.

Gergouia 408, 11. 425 , 4. 24. 426,
21. 427,16. 428,1.429,11.15.26.430,
23.431,20.439,11. 602,14.

Germania 330,10. 356,16.387,17.
394, 25. 395,16. 398, 23. 443, 20. 476,
2. 497,27. 610,3. Germani255,9.
11. 256, 18. 271, 14. 23. 273, 9. 27. 33.
34. 274, 10. 15. 275, ’10. 13. 277, 5.
278, 7. 283, 4. 21 . 285, 20. 286, 318.
287, 3. 23.25. 288, 5.17. 291, 3. 292,
7.14. 294,4. 314,19.317, 11. 328, 2.
7. 329,11. 330, 1.14.20.331, 13 -24,
335,1.10.20. 336, 5. 14.24. 338, 19.

ΙΕἾΙ)ΙΕ1(

350, 6. 363, 21. 364,11.18.24. 365, 5.
370,13. 379,13. 382,15.21.23. 384,
1.21. 385,2. 14. 386,2.19.388,3, 393,
3. 394, 22. 395, 5. 397, 5. 398, 25. 399,
2. 401, 7. 23. 402, 13. 404, 13. 21. 29.
413,4. 442, 14. 443, 24. 445, 5. 446,
16. 20. 447, 3. 454, 27. 465, 8. 467, 13.
21. 23. 469,1. 473, 17. 476, 3. 481, 9.
14.18. 486,16. 534,2. 564, 25. 591,
16. 640,1. 674, 4. 9. 680, 5. 686, 9.17.
Germanicus 336, 3.

Germinii 566,1.

Gobannitio 408, 9.

Gomphi605,26.
2628.

,θοι-ςοῢίηα 411,9.

Gracchi 497,23.

Graecia 506, 19. 648, 9. 649, 28.
Graeci 394, 26. 569 , 9. 579,22. 617,
22. 619, 27. 631 , 25. 784,1. Graecae
litterae 272, 2. 390, 11. 375,8. 773,12-.
Graeca 763, 24. Graece 757, 20.

Graioceli 261, 13.

Α. Granius 600‚21.

Grudii369, 11.

Gutruatus 482, 9.13.

Gomphensis 606,

Hadriaticum mare 506,18.

Haedui 261‚4. 20.21. 262, 1.8. 264,
1. 9. 16. 265 , 3. 9. 14. 27. 266 , 9.27.
267, 2. 269,1. 271,26. 273, 7. 13. 22.
26. 275, 9. 276,10-27. 277,3. 7.8.
282,18.20. 283, 3. 284, 4. 6. 7. 286,
13294,12.298,8.299,24.26.28.300,
1. 2. 5. 352,2.3.26.353, 6. 379,2.383,
13.14.16.388,1-23. 409 , 5. 7. 10.
411, 3-18. 415, 7. 11. 423, 19. 424,
11.. 13. 22. 427, 2. 6. 8. 24. 27. 428, 8.

·24.429‚4.8.12.26.430‚21.432‚8.

434, 11. 436 , 6.10.11.15. 437,1.7.
439, ’11. 15. 440, 25. 442, 3. 7. 16. 443,
2. 445, 14. 450, 3. 451,8. 20. 459,19.
21. 25. 460, 6. 462, 9. 486,19.487, 8.
492, 15.16. Haedua ciuitas 299,
25. 352, 17.

Haedui Ambarri. Vz'd. Ambarri.

Harudes 273, 30. 277, 8. 288, 6.

Hegesaretos 581, 27.

Heluetii 255, 10. 256 , 5.1¹— 20.
257, 21. 258,1.10.11. 259, 1. 3. 4.15.
22. 260, 5. 12. 20. 261,1.2.3.19.262,
7.10.12.263, 3-12. 21.264,11.18.
20. 265, 8. 26. 266, 16. 18. 22. 30. 268,
26. 269, 5. 18. 270, 6. 271, 1.2. 13. 18.
23. 24. 272, 1. 5.11.13.16. 274, 9.
279, 22. 280,17. 333,3.395,11.450,
9. 780, 31. Heluetius 256,18. 262,
18. 22.He1ueticus 411,10.

