INDEX

uehn1410‚5.s.9.443,ss.13.512,

Heraclia 505, 8.

Hercules 545, 7. 548,15. 755,18.
783‚25.

Hercynia silua 394, 25. 395, 9.

Herminius mons 550,14.

Hibernia 355, 7.

Hiberus523‚9.524,2.3.13.20.525,
27. 525, 29. 527, 6. 20. 529, 4. 7. 558, 7.

Hiemps ai 694, 22.

Hipparchus 758,l ..10 15. 762, 6.

Hip10 regins 715,14.

Hirtus. Ι ecl. Lucilius.

A. Hirtius 785. 787. 788,4.'7.25.

Hispalis545,5.547,25.553,23.554‚
11. 733, 14. 738, 12. 20. 739, 1. 740, 22.
741, 18. 742, 7. 773,4

11115 66616256, 9. 34 9, 8. 356, 6. 353,

. 437, 4. 509, 4. 513, 3. 8. 25. 514, 4.
529,30. 535,6. 536, 2 .17. 537,1.5.
554,24. 558,11. 563,24.564, 1. 568,
3.11. 589,9. 607,29.650, 4.651,22.
656,31. 699,22. 716,5.13. 718,13.
752,9. Hispaniae 499,13. 509,1.
535,8. 545,29. 555,21.558,11.502‚
2. Hispan-i 352,19.548,7.559,30.
575,19. 555, 30. 579, ’17. 685, 23.
Hispanae cohortes 510,24.

Hispania citer-iot· 324 ,20. 50 4, 25.
513, 10. [22. ]519, 5. 540, 11. 546, 23.
30. 548, 20. 655, 17. 657, 5. 785, 24.

His paniaulterior5l3, 15. [23. ]545,
18. 545, 31. 550, 4. 557, 28. 717. 2znf.
722, 11. 21. 752, 18. 762, 20. 784, 12.

Hortensius 755, 2. 7.

Iacetani 523, 8.

ladertin1545‚25.

Iccius Remus 292, 2. 295, 18. 206,4.

Iceni 359, 22.

Igilium 511,18.

Iguuium 499,25. 500, 4.
490.27.

lierda 513, 20. 515, 5. 515,1. 517,
3. 5. 518, 30. 519, 11. 521,18. 522,27.
524,15.527,10.529,8.531,6.11.545,
30.

Illurgauonenses 523,9.
nonensis cohors 523,1·3.

Illyricum 310 ,11. 314, 20. 349, 9.
567, 4. 504,20. 646,12. 30. 647,1. 5.
.25 548, 9. 778,16.19. 782, 2.

lndo 723,14.

1ndutiomarus350, 10. 13. 22. 351, 5.
7 12. 352, 16. 377, 26. 379, 9. 16. 380,
12. 15. '³0- 24. 381, 3. 8. 382, 14. 386, 4.

Issa 557, 5. 549, 24.

Caesar, ed. Nipper rd.

Iguuini

Hiurga-

Isthmus 592, 17.

ltalia 251, 9. 275‚18.279,17.307‚
22. 310‚11. 15. 311,1. 348, 2271s. 354,
20. 382, 5. 406,2.1z·n‚f. 32·14s.4oz),18.
410, 5. 437, 4.438,14.443, 19. 490,3.
10. 49:211.17.20.494,7.49C2,18.497,
5. 498, 20. 28. 499, 3. 506, 19. 21. 508,
2. 509, 3.12. 512, 2. 518, 26. 520, 23.
545,19. 545, 28. 5-19,17. 554,1·2. 17.
18. 555, 21. 552 ,.3i72f 564, 11. 565, 21.
568,10.11. 569,19. 570, 13. 573, 6.
575, 3. 22. 579, 1. 4. 581, 10. 586,7.
593,19. 502, 1. 504, 19. 20 605, 1. 607,
12. 510, 5. 652, 18. 660, 8. 554, 7. 22
676,4. 693,6.17. 703, 24. 717, 3 inf.
718,9.723,9.11.754,29.757,26.758,
22. 759,12. 760,11.25. 777, 13. 15.
Italicus 585, 4.(184, 14.

Italica 547,29. Italicensisob-z,
2. 654, 9. 732, 3.

-1- Μ. 11116165 767, ’17.

Ilius portus 349,26.351,15.

Ityraei 574,23.

Iuba495, 20. 550, 25. 551, 2. 558, 6.
24. 559,29. 561,24. 552,7. 651,10.
667,21. 677,14.19.26. [680,19.]684,
20. 587,25.590,4.15. 592,14.23. 694,
8. 9. 695, 3 -15. 595, 5. 700, 26. 704,
26. 706, 2. 714, 7.19. 715, 27. 716, 2.
24. 717, 2. 5. 778, 26.

Iulia :nnita Caesaris 750,15.19.

Iu1ia1ex 501,1. 711, 28.

lulianus 571, 25. 686, 7. 28. 702,10.
706, 25. 707, 4. 710, 17.

Iulii 750,21.

Μ. Iuncus 751,5.

Q. iunius 352, 25. 364, 2.

Iunius 726,17.

L. Iunius Paciaecus 719,11.

Iuno 756,11.

Iuppiter 391,16.19.

Iura mons 255 , 18. 258, 24 250, 4.

Q. Laberius Durus 357,17.

Τ. Laiienus 251, 9. 268, 8. 15-22.
290, 6. 31'nf. 298, 19. 305, 8. 317, 8.
347, 23. 348W ‘³. 353, 7. 354, 29. 360, 29.
361, 13. 363, 24. 368, 26. 374, 919.
377, 21. 25. 27. 380, 8. 9. 18. 381, 1.
384. 5. 18. 22 ,26 385, 6. 18. 30. 399,
15. 24. 425, 3. 433, 4. 12 23.439,10.
15. 441, 2 ,4. 18. 3. 457, 21. 458, 10.
12. 459, 25. 454, 19. 474, 10. 475, 9. 476,
1.486,”15.491,6.10.1·2.501,16570,
5.573,25.574,4.501.2.509,28.570,
27.671,23.672,1-11,673,20. 674,
[3.]3. 27675, 17. 677, 1686, 6. 682,
23.585,15.28.5‘:‘5,2.5.591,1.7.17.

51

801

