INDEX

Samarobriua 361, 7. 374.14. 378,1.

Samnis 755, 27. [fid. Decius.

Santonum 261, 4 ς Santonos 262, 7 3
Santonis 317, 19. 450‚7.

Sardinia 509 , 7. 9. 14. 24. 568’, 10.
668, 22. 677, 7. 7 17, 8. 781, 2. Sardi
749,21.

Sarsura 705, 7.21.

C. Saserna 669,9. 680,7. 694,27.
695. 4.

Ρ. Saserna 669,16.

Saturninus 497,22.

Saxa. Vid. Decidius.

Scaeua 591, 28.

Scaldis 399,20.

Scapula. l'v'd. Annius.

Scipio 493, 10. 494,3.18.495, 9.13.
496,13.24. 564,18. 579, 28. 581,2. 5.
582 ,4.14-26. 583 , 5.8. 1623. 27.
593, 7. 15. 22. 604, 22. 27. 28. 605,7.
606 , 8.11. 30. 607, 5. 8. 24. 27. 610,
23. 611, 22. 665,12. 667, 6. 9. 669, 4.
5. 674, 25. 676, 27. 677, 26. 678.1.29.
679, 25. 680,14. 681,26.682‚ 1. 683,
13. 27. 684, 7.11. 685,6. 14.686,11.
13. 24. 28. 687, 2. 8. 25. 688, 7. 14. 17.
689, 3. 690, 5 - 26. 691 , 26. 27. 692.-
14. 25. 27. 691,25.28. 695,8-1.“).26.
696 , 2. 5. 21. 697, 24. 698, 7. 701, 8-
25. 703,1. 705, 3. 7. 22. 23. 706, l. 1 4.
15. 20. 707,24. 30. 708,3. 15. 710, 10.
30. 711,20. 712,14. 713,7.22. 716,
12. 16. 777,26.

Scribonius Libo 507,17-24. 565,
16. 571 , 12. 24. 26. 572, 29. 575, 24.
576,12.20.611,22.616, 7.

Secundus. Vid. Plinius.

Sedulius 459, 1.

Seduni 311, 2. 312, 6. 314, 20.

Sedusii 288,7.

Segni 398,24.

Segontiaci 359, 22.

Segouax 360, 9.

Segouia 654,16.

Segusiaui 261 , 18 (uid. addend. ).
443, 2.450,3.

Μ. Sempronius Rutilus 459, 26.

Senones 291 , 13. 378,18. 379, 21.
380, 5. 582,22. 383, 3. 5. 8. 21. 40532.
406,1.408,17.411,23.425,2.438,12.
439, ’1.450, 6. 9.

[8611116115 605, 9.]

L. Septimius 619, 7. 9.11.

Sequana 255,5.438,17.2l.439, 1.9.

Sequani256, 4.19.257,13.258,23.
260, 5.16 -24. 261 ,1.4. 19. 262 . 8.
266, 29.273, 9.18. 26. 29.274, 19. 21.
24.275,1.11.19.276,10.277,19. 280,

11. 284, 7. 286, 13. 290, 6.333, 3. 388,
1.9. 17. 444, 3. 445,14. 450,6. 459,
26. Sequanus ager 273,28.

Serapi011621‚24.

Q. Sertorius 324, 23. 523, 28 (uid.
addend). 750,8.

Seruilia 765, 9.

Ρ. 861·11111115 pater 776,2.

P. Seruilius filius 562, 2 ins. 574,
22:27. 780,24.

Seruius Clodius 765, 23.

86511115 772, 29. 783, 3.

P. Sestius 643, 6.

Q. Sestius 653, 7.

Τ. Sextius 381, 2 ins. 431, 4. 435, 6.
460, 3. 468, 5. 776, 23.

P. Sextius Baculus 305, 13. 313,18.
403,4.11.

Sibuzates 326, 21.

Sicilia 506, 14. 509, 7—21. 538, 6.
549.18. 550, 5. 553, 14. 554,18. 556,
21. 558.16. 561,21. 562, 4. 568, 10.
586, 6. 616,18. 649, 29. 665,,21.668,
25. 675, 3. 676, 5. 677, 7. 678, 12, 687,
27. 689, 21. 692, 30. 693, 10.698, 12.
779,2. 6.

Siciliense flumen 654, 16.

Sicoris 514‚9. 518,21. 523,22.524,
5.13. 16. 534, 1.

Μ. Silanus 381, 2 ins.

Τ. Silius 315,2. 8.

8110. ΓΗΖ. Minucius.

Siponlum 771,7.

P. Sittius 677,18. 684,19. 690, 6.
715,21.716,1.14.

Sol 393,6.

sontiates 323, 8. 9. 14. 19.

Sorica 731, 5. 733, 12.

Spinther. Fal. Lentulus.

Squillus. Vicl. Licinius.

L. Staberius 569,15.

Statius Murcus 571,14.23.

Strabo. l'id. Caesar.

Suessiones 292, 9. 293,11.299,1.8.
15.464,13.17.776,19.

8116111277,11.14.288, 7. 29Ο,1. 328,
4. 7. 329, 23. 330, 5. 9. 332, 4. 12. 336.
19.338,10.11.16.386,21.23.24.387,
7. 8.13.15. 397,3. Sueua 289,11.

Sugambri336,11.338,l-4.19.401,8.

Su1citani 717,9.

L. Sulla 268,14. 495,12.26. 497,
14. 694, 22. 750, 6. 774,12.

Sulla Faustus 496,18. 21. 712,11.
716, 3. 9. 10. 11.

Ρ.8111111590,19.24.28.611,9.616,1.

Sulmonenses 502,19. 23.

Ρ. Sulpicius Rufus 34Ο,24. 460, 5.

807

